
===== INFERENCE RESULTS =====
Threshold used: 0.36795324087142944
Accuracy: 0.7647058823529411
Precision: 0.7368421052631579
Recall: 0.8235294117647058
F1 Score: 0.7777777777777778
AUC: 0.8546712802768166
TP: 14
TN: 12
FP: 5
FN: 3

===== INFERENCE EFFICIENCY =====
Avg latency per sample: 0.08507157226695734
Throughput: 11.754808020497936
Peak GPU memory (inference): 10.470877170562744
