
===== INFERENCE RESULTS =====
Threshold used: 0.640625
Accuracy: 0.7058823529411765
Precision: 0.8181818181818182
Recall: 0.5294117647058824
F1 Score: 0.6428571428571429
AUC: 0.7058823529411764
TP: 9
TN: 15
FP: 2
FN: 8

===== INFERENCE EFFICIENCY =====
Avg latency per sample: 0.018200208159054026
Throughput: 54.94442652857966
Peak GPU memory (inference): 1.3368439674377441
