
===== INFERENCE RESULTS =====
Threshold used: 0.372802734375
Accuracy: 0.7941176470588235
Precision: 0.8125
Recall: 0.7647058823529411
F1 Score: 0.7878787878787878
AUC: 0.8373702422145328
TP: 13
TN: 14
FP: 3
FN: 4

===== INFERENCE EFFICIENCY =====
Avg latency per sample: 0.09972469179945834
Throughput: 10.027606823904284
Peak GPU memory (inference): 5.8234663009643555
