
===== INFERENCE RESULTS =====
Threshold used: 0.45062071084976196
Accuracy: 0.8235294117647058
Precision: 0.8235294117647058
Recall: 0.8235294117647058
F1 Score: 0.8235294117647058
AUC: 0.8685121107266436
TP: 14
TN: 14
FP: 3
FN: 3

===== INFERENCE EFFICIENCY =====
Avg latency per sample: 0.08501698471167508
Throughput: 11.76235552685596
Peak GPU memory (inference): 10.470877170562744
