
===== INFERENCE RESULTS =====
Threshold used: 0.3756169378757477
Accuracy: 0.7647058823529411
Precision: 0.8461538461538461
Recall: 0.6470588235294118
F1 Score: 0.7333333333333333
AUC: 0.7958477508650519
TP: 11
TN: 15
FP: 2
FN: 6

===== INFERENCE EFFICIENCY =====
Avg latency per sample: 0.08484127241022446
Throughput: 11.786716200634059
Peak GPU memory (inference): 10.470877170562744
