
===== INFERENCE RESULTS =====
Threshold used: 0.50439453125
Accuracy: 0.7941176470588235
Precision: 0.9166666666666666
Recall: 0.6470588235294118
F1 Score: 0.7586206896551724
AUC: 0.7993079584775087
TP: 11
TN: 16
FP: 1
FN: 6

===== INFERENCE EFFICIENCY =====
Avg latency per sample: 0.014275328639675589
Throughput: 70.05092668904926
Peak GPU memory (inference): 1.3755412101745605
