
===== INFERENCE RESULTS =====
Threshold used: 0.671715497970581
Accuracy: 0.8235294117647058
Precision: 1.0
Recall: 0.6470588235294118
F1 Score: 0.7857142857142857
AUC: 0.8373702422145328
TP: 11
TN: 17
FP: 0
FN: 6

===== INFERENCE EFFICIENCY =====
Avg latency per sample: 0.025984772426240584
Throughput: 38.48407765888899
Peak GPU memory (inference): 2.344900608062744
