
===== INFERENCE RESULTS =====
Threshold used: 0.327880859375
Accuracy: 0.7941176470588235
Precision: 0.8571428571428571
Recall: 0.7058823529411765
F1 Score: 0.7741935483870968
AUC: 0.7681660899653978
TP: 12
TN: 15
FP: 2
FN: 5

===== INFERENCE EFFICIENCY =====
Avg latency per sample: 0.020592164248228073
Throughput: 48.5621612155725
Peak GPU memory (inference): 1.6682538986206055
