
===== INFERENCE RESULTS =====
Threshold used: 0.34515732526779175
Accuracy: 0.7941176470588235
Precision: 0.7777777777777778
Recall: 0.8235294117647058
F1 Score: 0.8
AUC: 0.8858131487889274
TP: 14
TN: 13
FP: 4
FN: 3

===== INFERENCE EFFICIENCY =====
Avg latency per sample: 0.17054995149374008
Throughput: 5.8633848397002
Peak GPU memory (inference): 10.878311157226562
