
===== INFERENCE RESULTS =====
Threshold used: 0.56298828125
Accuracy: 0.7058823529411765
Precision: 0.7692307692307693
Recall: 0.5882352941176471
F1 Score: 0.6666666666666666
AUC: 0.7197231833910035
TP: 10
TN: 14
FP: 3
FN: 7

===== INFERENCE EFFICIENCY =====
Avg latency per sample: 0.017007959897027296
Throughput: 58.79599940583016
Peak GPU memory (inference): 1.3368439674377441
