
===== INFERENCE RESULTS =====
Threshold used: 0.340576171875
Accuracy: 0.7352941176470589
Precision: 0.75
Recall: 0.7058823529411765
F1 Score: 0.7272727272727273
AUC: 0.745674740484429
TP: 12
TN: 13
FP: 4
FN: 5

===== INFERENCE EFFICIENCY =====
Avg latency per sample: 0.01999218192170648
Throughput: 50.01955283901511
Peak GPU memory (inference): 1.6682538986206055
