
===== INFERENCE RESULTS =====
Threshold used: 0.5422754883766174
Accuracy: 0.6764705882352942
Precision: 0.7142857142857143
Recall: 0.5882352941176471
F1 Score: 0.6451612903225806
AUC: 0.7058823529411765
TP: 10
TN: 13
FP: 4
FN: 7

===== INFERENCE EFFICIENCY =====
Avg latency per sample: 0.019122622249757543
Throughput: 52.294083255902784
Peak GPU memory (inference): 2.344900608062744
