
===== INFERENCE RESULTS =====
Threshold used: 0.4720238149166107
Accuracy: 0.7941176470588235
Precision: 0.9166666666666666
Recall: 0.6470588235294118
F1 Score: 0.7586206896551724
AUC: 0.7439446366782007
TP: 11
TN: 16
FP: 1
FN: 6

===== INFERENCE EFFICIENCY =====
Avg latency per sample: 0.019657905268318513
Throughput: 50.8701200026455
Peak GPU memory (inference): 2.3763957023620605
