
===== INFERENCE RESULTS =====
Threshold used: 0.7464223504066467
Accuracy: 0.7647058823529411
Precision: 1.0
Recall: 0.5294117647058824
F1 Score: 0.6923076923076923
AUC: 0.7785467128027681
TP: 9
TN: 17
FP: 0
FN: 8

===== INFERENCE EFFICIENCY =====
Avg latency per sample: 0.03243428556358113
Throughput: 30.831571672503582
Peak GPU memory (inference): 2.6292285919189453
