
===== INFERENCE RESULTS =====
Threshold used: 0.35347744822502136
Accuracy: 0.7647058823529411
Precision: 1.0
Recall: 0.5294117647058824
F1 Score: 0.6923076923076923
AUC: 0.7820069204152249
TP: 9
TN: 17
FP: 0
FN: 8

===== INFERENCE EFFICIENCY =====
Avg latency per sample: 0.09299222752451897
Throughput: 10.753586903124061
Peak GPU memory (inference): 10.62712812423706
