
===== INFERENCE RESULTS =====
Threshold used: 0.546875
Accuracy: 0.7058823529411765
Precision: 0.8181818181818182
Recall: 0.5294117647058824
F1 Score: 0.6428571428571429
AUC: 0.8166089965397924
TP: 9
TN: 15
FP: 2
FN: 8

===== INFERENCE EFFICIENCY =====
Avg latency per sample: 0.04973313628750689
Throughput: 20.10731827204718
Peak GPU memory (inference): 5.430838108062744
