
===== INFERENCE RESULTS =====
Threshold used: 0.302734375
Accuracy: 0.7352941176470589
Precision: 0.7857142857142857
Recall: 0.6470588235294118
F1 Score: 0.7096774193548387
AUC: 0.7612456747404843
TP: 11
TN: 14
FP: 3
FN: 6

===== INFERENCE EFFICIENCY =====
Avg latency per sample: 0.01813444889643613
Throughput: 55.1436663838472
Peak GPU memory (inference): 1.6682538986206055
