
===== INFERENCE RESULTS =====
Threshold used: 0.259033203125
Accuracy: 0.7941176470588235
Precision: 0.8125
Recall: 0.7647058823529411
F1 Score: 0.7878787878787878
AUC: 0.8961937716262975
TP: 13
TN: 14
FP: 3
FN: 4

===== INFERENCE EFFICIENCY =====
Avg latency per sample: 0.05780759979696835
Throughput: 17.298763545142794
Peak GPU memory (inference): 5.6261515617370605
