
===== INFERENCE RESULTS =====
Threshold used: 0.42637839913368225
Accuracy: 0.7352941176470589
Precision: 0.7857142857142857
Recall: 0.6470588235294118
F1 Score: 0.7096774193548387
AUC: 0.7785467128027682
TP: 11
TN: 14
FP: 3
FN: 6

===== INFERENCE EFFICIENCY =====
Avg latency per sample: 0.022692342453143177
Throughput: 44.067729105748946
Peak GPU memory (inference): 2.344900608062744
