
===== INFERENCE RESULTS =====
Threshold used: 0.49215346574783325
Accuracy: 0.7941176470588235
Precision: 0.8571428571428571
Recall: 0.7058823529411765
F1 Score: 0.7741935483870968
AUC: 0.8304498269896193
TP: 12
TN: 15
FP: 2
FN: 5

===== INFERENCE EFFICIENCY =====
Avg latency per sample: 0.02490576816832318
Throughput: 40.15134137769205
Peak GPU memory (inference): 2.344900608062744
