
===== INFERENCE RESULTS =====
Threshold used: 0.3065464496612549
Accuracy: 0.7352941176470589
Precision: 0.7857142857142857
Recall: 0.6470588235294118
F1 Score: 0.7096774193548387
AUC: 0.7647058823529411
TP: 11
TN: 14
FP: 3
FN: 6

===== INFERENCE EFFICIENCY =====
Avg latency per sample: 0.08486074450261452
Throughput: 11.784011628241023
Peak GPU memory (inference): 10.470877170562744
