
===== INFERENCE RESULTS =====
Threshold used: 0.35791015625
Accuracy: 0.7058823529411765
Precision: 0.7333333333333333
Recall: 0.6470588235294118
F1 Score: 0.6875
AUC: 0.7750865051903115
TP: 11
TN: 13
FP: 4
FN: 6

===== INFERENCE EFFICIENCY =====
Avg latency per sample: 0.015063611900105196
Throughput: 66.38514100280402
Peak GPU memory (inference): 1.3368439674377441
