
===== INFERENCE RESULTS =====
Threshold used: 0.5446069240570068
Accuracy: 0.7941176470588235
Precision: 1.0
Recall: 0.5882352941176471
F1 Score: 0.7407407407407407
AUC: 0.7577854671280277
TP: 10
TN: 17
FP: 0
FN: 7

===== INFERENCE EFFICIENCY =====
Avg latency per sample: 0.020372028517372468
Throughput: 49.086913418918456
Peak GPU memory (inference): 2.3763957023620605
