
===== INFERENCE RESULTS =====
Threshold used: 0.74169921875
Accuracy: 0.7647058823529411
Precision: 1.0
Recall: 0.5294117647058824
F1 Score: 0.6923076923076923
AUC: 0.8581314878892733
TP: 9
TN: 17
FP: 0
FN: 8

===== INFERENCE EFFICIENCY =====
Avg latency per sample: 0.04978917319984997
Throughput: 20.08468780925676
Peak GPU memory (inference): 5.430838108062744
