
===== INFERENCE RESULTS =====
Threshold used: 0.459228515625
Accuracy: 0.7352941176470589
Precision: 0.75
Recall: 0.7058823529411765
F1 Score: 0.7272727272727273
AUC: 0.8235294117647058
TP: 12
TN: 13
FP: 4
FN: 5

===== INFERENCE EFFICIENCY =====
Avg latency per sample: 0.013760607251349618
Throughput: 72.6712115049953
Peak GPU memory (inference): 1.3755412101745605
