
===== INFERENCE RESULTS =====
Threshold used: 0.382568359375
Accuracy: 0.8235294117647058
Precision: 0.8666666666666667
Recall: 0.7647058823529411
F1 Score: 0.8125
AUC: 0.8269896193771626
TP: 13
TN: 15
FP: 2
FN: 4

===== INFERENCE EFFICIENCY =====
Avg latency per sample: 0.0998779853038928
Throughput: 10.01221637538402
Peak GPU memory (inference): 5.8234663009643555
