
===== INFERENCE RESULTS =====
Threshold used: 0.31282705068588257
Accuracy: 0.7058823529411765
Precision: 0.8888888888888888
Recall: 0.47058823529411764
F1 Score: 0.6153846153846154
AUC: 0.7058823529411764
TP: 8
TN: 16
FP: 1
FN: 9

===== INFERENCE EFFICIENCY =====
Avg latency per sample: 0.09365655109286308
Throughput: 10.677309684492569
Peak GPU memory (inference): 10.62712812423706
