
===== INFERENCE RESULTS =====
Threshold used: 0.32282108068466187
Accuracy: 0.7941176470588235
Precision: 0.9166666666666666
Recall: 0.6470588235294118
F1 Score: 0.7586206896551724
AUC: 0.7854671280276817
TP: 11
TN: 16
FP: 1
FN: 6

===== INFERENCE EFFICIENCY =====
Avg latency per sample: 0.03309339153416017
Throughput: 30.21751333548768
Peak GPU memory (inference): 2.6292285919189453
