
===== INFERENCE RESULTS =====
Threshold used: 0.3522110879421234
Accuracy: 0.7352941176470589
Precision: 0.8333333333333334
Recall: 0.5882352941176471
F1 Score: 0.6896551724137931
AUC: 0.7750865051903115
TP: 10
TN: 15
FP: 2
FN: 7

===== INFERENCE EFFICIENCY =====
Avg latency per sample: 0.022955983658047283
Throughput: 43.56162710759934
Peak GPU memory (inference): 2.344900608062744
