
===== INFERENCE RESULTS =====
Threshold used: 0.385986328125
Accuracy: 0.7647058823529411
Precision: 0.9090909090909091
Recall: 0.5882352941176471
F1 Score: 0.7142857142857143
AUC: 0.823529411764706
TP: 10
TN: 16
FP: 1
FN: 7

===== INFERENCE EFFICIENCY =====
Avg latency per sample: 0.04976000549162135
Throughput: 20.096460804619106
Peak GPU memory (inference): 5.430838108062744
