
===== INFERENCE RESULTS =====
Threshold used: 0.466796875
Accuracy: 0.7058823529411765
Precision: 0.7692307692307693
Recall: 0.5882352941176471
F1 Score: 0.6666666666666666
AUC: 0.7093425605536331
TP: 10
TN: 14
FP: 3
FN: 7

===== INFERENCE EFFICIENCY =====
Avg latency per sample: 0.018995707306791756
Throughput: 52.643472751470455
Peak GPU memory (inference): 1.3368439674377441
