
===== INFERENCE RESULTS =====
Threshold used: 0.7830859422683716
Accuracy: 0.7647058823529411
Precision: 1.0
Recall: 0.5294117647058824
F1 Score: 0.6923076923076923
AUC: 0.8131487889273357
TP: 9
TN: 17
FP: 0
FN: 8

===== INFERENCE EFFICIENCY =====
Avg latency per sample: 0.09304175262942034
Throughput: 10.747862886707857
Peak GPU memory (inference): 10.62712812423706
