
===== INFERENCE RESULTS =====
Threshold used: 0.301025390625
Accuracy: 0.7352941176470589
Precision: 0.75
Recall: 0.7058823529411765
F1 Score: 0.7272727272727273
AUC: 0.8477508650519031
TP: 12
TN: 13
FP: 4
FN: 5

===== INFERENCE EFFICIENCY =====
Avg latency per sample: 0.09983736145145752
Throughput: 10.016290349241807
Peak GPU memory (inference): 5.8234663009643555
