
===== INFERENCE RESULTS =====
Threshold used: 0.308837890625
Accuracy: 0.7058823529411765
Precision: 0.6842105263157895
Recall: 0.7647058823529411
F1 Score: 0.7222222222222222
AUC: 0.8408304498269896
TP: 13
TN: 11
FP: 6
FN: 4

===== INFERENCE EFFICIENCY =====
Avg latency per sample: 0.09982826955178205
Throughput: 10.017202586901385
Peak GPU memory (inference): 5.8234663009643555
