
===== INFERENCE RESULTS =====
Threshold used: 0.33984375
Accuracy: 0.7941176470588235
Precision: 0.8125
Recall: 0.7647058823529411
F1 Score: 0.7878787878787878
AUC: 0.856401384083045
TP: 13
TN: 14
FP: 3
FN: 4

===== INFERENCE EFFICIENCY =====
Avg latency per sample: 0.09976081002284498
Throughput: 10.023976346733777
Peak GPU memory (inference): 5.8234663009643555
