
===== INFERENCE RESULTS =====
Threshold used: 0.385498046875
Accuracy: 0.8823529411764706
Precision: 1.0
Recall: 0.7647058823529411
F1 Score: 0.8666666666666667
AUC: 0.8858131487889274
TP: 13
TN: 17
FP: 0
FN: 4

===== INFERENCE EFFICIENCY =====
Avg latency per sample: 0.057890073998885995
Throughput: 17.27411853056611
Peak GPU memory (inference): 5.6261515617370605
