
===== INFERENCE RESULTS =====
Threshold used: 0.36430391669273376
Accuracy: 0.7941176470588235
Precision: 0.8125
Recall: 0.7647058823529411
F1 Score: 0.7878787878787878
AUC: 0.8719723183391004
TP: 13
TN: 14
FP: 3
FN: 4

===== INFERENCE EFFICIENCY =====
Avg latency per sample: 0.08500924180535709
Throughput: 11.763426878805339
Peak GPU memory (inference): 10.470877170562744
