
===== INFERENCE RESULTS =====
Threshold used: 0.4237971603870392
Accuracy: 0.7352941176470589
Precision: 0.7857142857142857
Recall: 0.6470588235294118
F1 Score: 0.7096774193548387
AUC: 0.7923875432525951
TP: 11
TN: 14
FP: 3
FN: 6

===== INFERENCE EFFICIENCY =====
Avg latency per sample: 0.03329236257602187
Throughput: 30.036919059635295
Peak GPU memory (inference): 2.6292285919189453
