
===== INFERENCE RESULTS =====
Threshold used: 0.2978515625
Accuracy: 0.8823529411764706
Precision: 1.0
Recall: 0.7647058823529411
F1 Score: 0.8666666666666667
AUC: 0.8910034602076125
TP: 13
TN: 17
FP: 0
FN: 4

===== INFERENCE EFFICIENCY =====
Avg latency per sample: 0.05786374320878702
Throughput: 17.281979086485073
Peak GPU memory (inference): 5.6261515617370605
