
===== INFERENCE RESULTS =====
Threshold used: 0.3264048099517822
Accuracy: 0.8235294117647058
Precision: 0.8235294117647058
Recall: 0.8235294117647058
F1 Score: 0.8235294117647058
AUC: 0.8823529411764706
TP: 14
TN: 14
FP: 3
FN: 3

===== INFERENCE EFFICIENCY =====
Avg latency per sample: 0.17056267489405239
Throughput: 5.862947450965842
Peak GPU memory (inference): 10.878311157226562
