
===== INFERENCE RESULTS =====
Threshold used: 0.5427111387252808
Accuracy: 0.8235294117647058
Precision: 0.8666666666666667
Recall: 0.7647058823529411
F1 Score: 0.8125
AUC: 0.8719723183391003
TP: 13
TN: 15
FP: 2
FN: 4

===== INFERENCE EFFICIENCY =====
Avg latency per sample: 0.08649835669819046
Throughput: 11.560913272482088
Peak GPU memory (inference): 10.470877170562744
