
===== INFERENCE RESULTS =====
Threshold used: 0.3015424609184265
Accuracy: 0.7647058823529411
Precision: 0.7368421052631579
Recall: 0.8235294117647058
F1 Score: 0.7777777777777778
AUC: 0.8892733564013842
TP: 14
TN: 12
FP: 5
FN: 3

===== INFERENCE EFFICIENCY =====
Avg latency per sample: 0.1705129674690611
Throughput: 5.864656599689088
Peak GPU memory (inference): 10.878311157226562
