
===== INFERENCE RESULTS =====
Threshold used: 0.3193359375
Accuracy: 0.8529411764705882
Precision: 0.875
Recall: 0.8235294117647058
F1 Score: 0.8484848484848485
AUC: 0.894463667820069
TP: 14
TN: 15
FP: 2
FN: 3

===== INFERENCE EFFICIENCY =====
Avg latency per sample: 0.057906494201982725
Throughput: 17.269220210636753
Peak GPU memory (inference): 5.6261515617370605
