
===== INFERENCE RESULTS =====
Threshold used: 0.32779133319854736
Accuracy: 0.6470588235294118
Precision: 0.631578947368421
Recall: 0.7058823529411765
F1 Score: 0.6666666666666666
AUC: 0.7750865051903113
TP: 12
TN: 10
FP: 7
FN: 5

===== INFERENCE EFFICIENCY =====
Avg latency per sample: 0.024807638543493608
Throughput: 40.31016488114197
Peak GPU memory (inference): 2.344900608062744
