
===== INFERENCE RESULTS =====
Threshold used: 0.5986328125
Accuracy: 0.7647058823529411
Precision: 0.8461538461538461
Recall: 0.6470588235294118
F1 Score: 0.7333333333333333
AUC: 0.8166089965397922
TP: 11
TN: 15
FP: 2
FN: 6

===== INFERENCE EFFICIENCY =====
Avg latency per sample: 0.016741414499633452
Throughput: 59.732109256472604
Peak GPU memory (inference): 1.3368439674377441
