
===== INFERENCE RESULTS =====
Threshold used: 0.391845703125
Accuracy: 0.7352941176470589
Precision: 0.7857142857142857
Recall: 0.6470588235294118
F1 Score: 0.7096774193548387
AUC: 0.8062283737024222
TP: 11
TN: 14
FP: 3
FN: 6

===== INFERENCE EFFICIENCY =====
Avg latency per sample: 0.04976110949235804
Throughput: 20.09601494423216
Peak GPU memory (inference): 5.430838108062744
