
===== INFERENCE RESULTS =====
Threshold used: 0.30137044191360474
Accuracy: 0.7352941176470589
Precision: 0.7857142857142857
Recall: 0.6470588235294118
F1 Score: 0.7096774193548387
AUC: 0.7439446366782008
TP: 11
TN: 14
FP: 3
FN: 6

===== INFERENCE EFFICIENCY =====
Avg latency per sample: 0.03377503047094626
Throughput: 29.607671290192133
Peak GPU memory (inference): 2.6292285919189453
