
===== INFERENCE RESULTS =====
Threshold used: 0.021512402221560478
Accuracy: 0.47058823529411764
Precision: 0.48484848484848486
Recall: 0.9411764705882353
F1 Score: 0.64
AUC: 0.31833910034602075
TP: 16
TN: 0
FP: 17
FN: 1

===== INFERENCE EFFICIENCY =====
Avg latency per sample: 0.17228489566375227
Throughput: 5.804339353994769
Peak GPU memory (inference): 5.6843414306640625
