
===== INFERENCE RESULTS =====
Threshold used: 0.623046875
Accuracy: 0.7352941176470589
Precision: 0.8333333333333334
Recall: 0.5882352941176471
F1 Score: 0.6896551724137931
AUC: 0.7370242214532872
TP: 10
TN: 15
FP: 2
FN: 7

===== INFERENCE EFFICIENCY =====
Avg latency per sample: 0.01940724582356565
Throughput: 51.52714656634736
Peak GPU memory (inference): 1.3368439674377441
