
===== INFERENCE RESULTS =====
Threshold used: 0.41064453125
Accuracy: 0.7352941176470589
Precision: 0.8333333333333334
Recall: 0.5882352941176471
F1 Score: 0.6896551724137931
AUC: 0.7681660899653978
TP: 10
TN: 15
FP: 2
FN: 7

===== INFERENCE EFFICIENCY =====
Avg latency per sample: 0.013386472840519512
Throughput: 74.70227683674077
Peak GPU memory (inference): 1.3755412101745605
