
===== INFERENCE RESULTS =====
Threshold used: 0.477294921875
Accuracy: 0.8529411764705882
Precision: 0.9285714285714286
Recall: 0.7647058823529411
F1 Score: 0.8387096774193549
AUC: 0.8442906574394462
TP: 13
TN: 16
FP: 1
FN: 4

===== INFERENCE EFFICIENCY =====
Avg latency per sample: 0.014996772741570193
Throughput: 66.68101312411419
Peak GPU memory (inference): 1.3368439674377441
