
===== INFERENCE RESULTS =====
Threshold used: 0.42529296875
Accuracy: 0.8529411764705882
Precision: 0.9285714285714286
Recall: 0.7647058823529411
F1 Score: 0.8387096774193549
AUC: 0.8961937716262975
TP: 13
TN: 16
FP: 1
FN: 4

===== INFERENCE EFFICIENCY =====
Avg latency per sample: 0.058165756218573623
Throughput: 17.192246177325167
Peak GPU memory (inference): 5.6261515617370605
