
===== INFERENCE RESULTS =====
Threshold used: 0.5622167587280273
Accuracy: 0.7647058823529411
Precision: 0.9090909090909091
Recall: 0.5882352941176471
F1 Score: 0.7142857142857143
AUC: 0.8373702422145328
TP: 10
TN: 16
FP: 1
FN: 7

===== INFERENCE EFFICIENCY =====
Avg latency per sample: 0.023741820279289696
Throughput: 42.11976959796605
Peak GPU memory (inference): 2.344900608062744
