
===== INFERENCE RESULTS =====
Threshold used: 0.276611328125
Accuracy: 0.8235294117647058
Precision: 0.8666666666666667
Recall: 0.7647058823529411
F1 Score: 0.8125
AUC: 0.8996539792387543
TP: 13
TN: 15
FP: 2
FN: 4

===== INFERENCE EFFICIENCY =====
Avg latency per sample: 0.05786897154415355
Throughput: 17.280417697366683
Peak GPU memory (inference): 5.6261515617370605
