
===== INFERENCE RESULTS =====
Threshold used: 0.6273165941238403
Accuracy: 0.7941176470588235
Precision: 1.0
Recall: 0.5882352941176471
F1 Score: 0.7407407407407407
AUC: 0.754325259515571
TP: 10
TN: 17
FP: 0
FN: 7

===== INFERENCE EFFICIENCY =====
Avg latency per sample: 0.019823043004554862
Throughput: 50.446341652501275
Peak GPU memory (inference): 2.3763957023620605
