
===== INFERENCE RESULTS =====
Threshold used: 0.5613722801208496
Accuracy: 0.5294117647058824
Precision: 0.5714285714285714
Recall: 0.23529411764705882
F1 Score: 0.3333333333333333
AUC: 0.3391003460207613
TP: 4
TN: 14
FP: 3
FN: 13

===== INFERENCE EFFICIENCY =====
Avg latency per sample: 0.17232315066982717
Throughput: 5.80305081536032
Peak GPU memory (inference): 5.6843414306640625
