
===== INFERENCE RESULTS =====
Threshold used: 0.6357421875
Accuracy: 0.8529411764705882
Precision: 0.9285714285714286
Recall: 0.7647058823529411
F1 Score: 0.8387096774193549
AUC: 0.847750865051903
TP: 13
TN: 16
FP: 1
FN: 4

===== INFERENCE EFFICIENCY =====
Avg latency per sample: 0.019271164694253134
Throughput: 51.89099962900585
Peak GPU memory (inference): 1.3368439674377441
