
===== INFERENCE RESULTS =====
Threshold used: 0.3345124125480652
Accuracy: 0.7647058823529411
Precision: 0.8461538461538461
Recall: 0.6470588235294118
F1 Score: 0.7333333333333333
AUC: 0.7508650519031141
TP: 11
TN: 15
FP: 2
FN: 6

===== INFERENCE EFFICIENCY =====
Avg latency per sample: 0.0180888031335438
Throughput: 55.282817365931976
Peak GPU memory (inference): 2.3763957023620605
