
===== INFERENCE RESULTS =====
Threshold used: 0.2401123046875
Accuracy: 0.7941176470588235
Precision: 0.8125
Recall: 0.7647058823529411
F1 Score: 0.7878787878787878
AUC: 0.8788927335640139
TP: 13
TN: 14
FP: 3
FN: 4

===== INFERENCE EFFICIENCY =====
Avg latency per sample: 0.057798806139651465
Throughput: 17.301395423009858
Peak GPU memory (inference): 5.6261515617370605
