
===== INFERENCE RESULTS =====
Threshold used: 0.3786201477050781
Accuracy: 0.7647058823529411
Precision: 0.7368421052631579
Recall: 0.8235294117647058
F1 Score: 0.7777777777777778
AUC: 0.8754325259515572
TP: 14
TN: 12
FP: 5
FN: 3

===== INFERENCE EFFICIENCY =====
Avg latency per sample: 0.17054958247086582
Throughput: 5.8633975264690275
Peak GPU memory (inference): 10.878311157226562
