
===== INFERENCE RESULTS =====
Threshold used: 0.3017578125
Accuracy: 0.7058823529411765
Precision: 0.6666666666666666
Recall: 0.8235294117647058
F1 Score: 0.7368421052631579
AUC: 0.8166089965397924
TP: 14
TN: 10
FP: 7
FN: 3

===== INFERENCE EFFICIENCY =====
Avg latency per sample: 0.04982699081301689
Throughput: 20.06944396366714
Peak GPU memory (inference): 5.430838108062744
